0.508657 0.331175 0.100965 
0.277623 0.614207 0.0228305 
0.166888 0.562057 0.0325546 
0.999101 0.830554 0.965467 
0.0441329 0.178677 0.134852 
0.698509 0.347466 0.662126 
0.797158 0.815725 0.487145 
0.575478 0.763058 0.224363 
0.789545 0.796421 0.164559 
0.581747 0.851959 0.224343 
0.0365921 0.997498 0.0652587 
0.767857 0.115919 0.324262 
0.646227 0.296051 0.569922 
0.102521 0.188981 0.678599 
0.15096 0.564764 0.903123 
0.905447 0.294869 0.0186912 
0.806388 0.559592 0.319629 
0.624298 0.196682 0.803761 
0.19493 0.786843 0.667098 
0.238286 0.226905 0.84662 
0.294194 0.87432 0.451957 
0.510714 0.26613 0.608797 
0.411226 0.67435 0.795959 
0.190455 0.929054 0.669848 
0.423445 0.122943 0.596113 
0.105921 0.856211 0.970736 
0.0336066 0.316453 0.849831 
0.839222 0.536561 0.223275 
0.791117 0.839862 0.0728182 
0.240143 0.169814 0.87773 
0.0930554 0.326773 0.465087 
0.00966313 0.903215 0.675556 
0.343417 0.435766 0.815728 
0.329592 0.449052 0.783601 
0.702853 0.195709 0.61253 
0.796348 0.474908 0.912333 
0.760949 0.605218 0.897044 
0.654239 0.274095 0.661009 
0.36474 0.135695 0.0570664 
0.52271 0.0457368 0.664877 
0.711882 0.965058 0.528168 
0.767547 0.442484 0.74153 
0.330965 0.272065 0.00761534 
0.163563 0.334219 0.0127641 
0.261347 0.0646839 0.570817 
0.105474 0.131339 0.0319449 
0.85198 0.316054 0.53536 
0.353532 0.327446 0.901807 
0.688256 0.79825 0.36974 
0.363172 0.732566 0.735885 
0.972244 0.157783 0.105587 
0.283563 0.898141 0.65159 
0.212764 0.231255 0.608807 
0.920465 0.32597 0.667165 
0.470437 0.235707 0.626551 
0.801501 0.0537346 0.825128 
0.6271 0.619155 0.0432047 
0.821912 0.769037 0.00617772 
0.555975 0.414872 0.315242 
0.26716 0.218872 0.868768 
0.193349 0.149656 0.472228 
0.611373 0.999778 0.342772 
0.514595 0.561496 0.743543 
0.789332 0.312449 0.238985 
0.110177 0.828065 0.752197 
0.817769 0.456149 0.586658 
0.436878 0.925429 0.2095 
0.606769 0.395485 0.982431 
0.796644 0.883833 0.171128 
0.558907 0.0842187 0.15962 
0.627756 0.148973 0.809305 
0.129766 0.0657443 0.12085 
0.712631 0.845894 0.0159623 
0.562497 0.72727 0.0255241 
0.949536 0.656966 0.836271 
0.348581 0.954916 0.715944 
0.460182 0.0197902 0.0215842 
0.858651 0.164178 0.969965 
0.589227 0.532235 0.475206 
0.751081 0.391172 0.644476 
0.901082 0.516627 0.501424 
0.528672 0.142362 0.0763255 
0.195781 0.488325 0.625368 
0.0656255 0.351853 0.512374 
0.0524515 0.191771 0.0192613 
0.334189 0.663533 0.871012 
0.689895 0.0454311 0.260876 
0.955716 0.00614228 0.828284 
0.646389 0.409689 0.552922 
0.426738 0.76873 0.51757 
0.234453 0.275293 0.595374 
0.127264 0.0996833 0.331359 
0.964477 0.557989 0.000253157 
0.897437 0.688121 0.0806076 
0.176123 0.729696 0.62943 
0.946692 0.893279 0.206804 
0.889129 0.613102 0.96086 
0.489394 0.607989 0.261278 
0.70885 0.240975 0.984914 
0.229751 0.642154 0.689102 
0.513801 0.801901 0.302955 
0.736568 0.670596 0.593962 
0.497512 0.227124 0.487199 
0.636209 0.548233 0.0272416 
0.981165 0.848043 0.840535 
0.945533 0.0707676 0.227561 
0.206802 0.980918 0.116263 
0.410301 0.275664 0.693065 
0.947186 0.704192 0.836822 
0.00462071 0.496704 0.912043 
0.31858 0.731012 0.366614 
0.483105 0.0157691 0.444137 
0.730974 0.798458 0.78104 
0.150582 0.0649895 0.739459 
0.224601 0.100951 0.203004 
0.829218 0.250824 0.567065 
0.959438 0.521683 0.886644 
0.901994 0.135145 0.765089 
0.260566 0.952454 0.867558 
0.294169 0.383692 0.0434918 
0.421925 0.492045 0.227471 
0.061087 0.716746 0.954272 
0.757188 0.304054 0.937475 
0.775069 0.702198 0.854123 
0.368575 0.697854 0.101482 
0.934742 0.734146 0.0719204 
0.446565 0.821484 0.836311 
0.420736 0.441631 0.818312 
0.132246 0.868592 0.0602726 
0.993324 0.952279 0.988559 
0.916254 0.967232 0.589847 
0.164984 0.125562 0.769796 
0.840747 0.220397 0.850059 
0.0228095 0.531972 0.477918 
0.900629 0.471131 0.987116 
0.558583 0.210805 0.29443 
0.876846 0.932101 0.447681 
0.589434 0.356651 0.309728 
0.925283 0.365073 0.593203 
0.378184 0.0198053 0.410478 
0.540539 0.457528 0.897705 
0.162198 0.0581311 0.438053 
0.268678 0.576091 0.614863 
0.869573 0.215904 0.188418 
0.747294 0.87151 0.129291 
0.613479 0.649407 0.204644 
0.917689 0.371615 0.697669 
0.829067 0.812095 0.483067 
0.239602 0.594668 0.098632 
0.0766176 0.256003 0.828877 
0.471728 0.560243 0.349241 
0.203297 0.567407 0.531606 
0.666884 0.04189 0.211426 
0.945259 0.496522 0.919176 
0.0913637 0.305911 0.985418 
0.427878 0.921102 0.527739 
0.578134 0.260758 0.242668 
0.356662 0.973857 0.882844 
0.230752 0.385944 0.24761 
0.419478 0.378971 0.911262 
0.125256 0.212327 0.304309 
0.857505 0.976748 0.140104 
0.957349 0.469471 0.946166 
0.597438 0.707481 0.441975 
0.623199 0.0269307 0.792544 
0.125977 0.725935 0.955753 
0.871201 0.203686 0.492888 
0.826567 0.96616 0.792279 
0.570495 0.243772 0.201704 
0.161086 0.201022 0.281304 
0.164492 0.808193 0.40143 
0.409967 0.483002 0.759944 
0.795194 0.656563 0.611051 
0.594681 0.255198 0.319661 
0.566852 0.4431 0.588378 
0.122502 0.906609 0.228135 
0.811404 0.416865 0.0739896 
0.519489 0.918634 0.472107 
0.857493 0.150882 0.844102 
0.267701 0.814805 0.518016 
0.97537 0.0234198 0.0241783 
0.293365 0.471226 0.328913 
0.641438 0.675141 0.0547399 
0.312582 0.974033 0.029803 
0.294762 0.481049 0.0506945 
0.375539 0.817306 0.478876 
0.278275 0.409928 0.981706 
0.0420185 0.814065 0.298752 
0.0855466 0.119946 0.651367 
0.796229 0.895966 0.434948 
0.964797 0.172706 0.976585 
0.481897 0.208345 0.430984 
0.855498 0.100955 0.80215 
0.476614 0.992751 0.679633 
0.899178 0.239753 0.664941 
0.287885 0.898395 0.0968032 
0.577873 0.682672 0.567767 
0.761105 0.2244 0.223182 
0.346678 0.79819 0.544273 
0.223076 0.144012 0.498132 
0.822861 0.107393 0.658202 
0.718765 0.254733 0.959528 
0.599886 0.153989 0.170997 
0.43323 0.795563 0.710979 
0.123625 0.302545 0.360589 
0.877805 0.829223 0.972449 
0.837406 0.403932 0.213563 
0.713736 0.147265 0.172578 
0.650864 0.93757 0.175985 
0.605963 0.197958 0.177769 
0.0321995 0.626073 0.0547786 
0.519824 0.960738 0.301939 
0.964131 0.740043 0.230503 
0.262087 0.00506354 0.398641 
0.585949 0.997987 0.220457 
0.309082 0.3754 0.337319 
0.428689 0.184104 0.543464 
0.217229 0.892392 0.788433 
0.208737 0.966577 0.805428 
0.572874 0.18322 0.621851 
0.264692 0.573094 0.296138 
0.953126 0.78112 0.279482 
0.730107 0.19542 0.0197618 
0.4776 0.867391 0.248025 
0.176717 0.0574095 0.686729 
0.281273 0.637552 0.515704 
0.616912 0.565121 0.527644 
0.0696552 0.118614 0.642715 
0.481739 0.572634 0.686719 
0.977981 0.345727 0.240838 
0.00921581 0.119285 0.767779 
0.63395 0.898455 0.455461 
0.556963 0.266612 0.589794 
0.580467 0.548398 0.238709 
0.107719 0.0848274 0.829399 
0.782204 0.699846 0.689932 
0.200108 0.594793 0.337083 
0.08995 0.503003 0.150656 
0.857957 0.384307 0.352022 
0.580588 0.44464 0.722758 
0.802358 0.794125 0.333531 
0.58336 0.51134 0.496351 
0.582413 0.139527 0.151635 
0.557528 0.242783 0.145102 
0.761663 0.914786 0.0367921 
0.561059 0.750032 0.208612 
0.353303 0.0766903 0.379957 
0.272774 0.585388 0.672992 
0.171511 0.795919 0.62057 
0.107313 0.689621 0.116796 
0.188531 0.0878334 0.925391 
0.206207 0.672959 0.788438 
0.393661 0.193194 0.251714 
0.647126 0.690098 0.395391 
0.0516327 0.414549 0.443948 
0.985972 0.788357 0.130246 
0.0863122 0.266427 0.28254 
0.960205 0.744979 0.975851 
0.779069 0.25227 0.314535 
0.627815 0.805335 0.755369 
0.635851 0.273191 0.894403 
0.528153 0.647724 0.412844 
0.375376 0.446748 0.859479 
0.132485 0.204283 0.901684 
0.323378 0.799927 0.225458 
0.94869 0.0303273 0.780746 
0.820778 0.654717 0.0835123 
0.165299 0.0845961 0.798243 
0.715319 0.176466 0.721423 
0.842334 0.131068 0.120285 
0.466163 0.0872234 0.276382 
0.564279 0.0580217 0.111296 
0.742787 0.202483 0.00366528 
0.954532 0.447658 0.347751 
0.270843 0.783867 0.189987 
0.868161 0.460551 0.813563 
0.358435 0.334936 0.0577771 
0.891908 0.421918 0.207824 
0.0652254 0.499105 0.193534 
0.773687 0.461465 0.381937 
0.448804 0.233899 0.00521155 
0.540568 0.709089 0.946581 
0.807839 0.284559 0.882764 
0.650514 0.204731 0.113115 
0.0554547 0.114916 0.0302576 
0.99284 0.799175 0.710117 
0.775951 0.725408 0.415274 
0.0955309 0.412912 0.415916 
0.964982 0.667482 0.232172 
0.289618 0.524416 0.377408 
0.534328 0.418336 0.170973 
0.421135 0.845285 0.666282 
0.154016 0.432209 0.727141 
0.278362 0.0758573 0.468135 
0.159873 0.195004 0.266562 
0.923386 0.73767 0.959862 
0.195342 0.745232 0.0537111 
0.441361 0.607772 0.962973 
0.212916 0.825266 0.34753 
0.66463 7.15075e-06 0.302894 
0.714578 0.0544315 0.625605 
0.812385 0.0516533 0.529849 
0.6536 0.180527 0.729467 
0.625357 0.73048 0.333984 
0.98155 0.957748 0.845879 
0.191376 0.958456 0.83706 
0.306138 0.373537 0.393953 
0.41955 0.186955 0.477937 
0.141768 0.340303 0.871459 
0.607255 0.471649 0.918009 
0.314042 0.443054 0.884066 
0.202225 0.19805 0.893693 
0.805215 0.24931 0.714783 
0.286882 0.989529 0.324719 
0.934105 0.29908 0.712758 
0.771399 0.00990124 0.0389951 
0.761741 0.938592 0.410679 
0.708351 0.700541 0.658806 
0.710988 0.791243 0.316721 
0.821619 0.89046 0.435401 
0.0862525 0.454535 0.606865 
0.172614 0.984423 0.145475 
0.196832 0.616771 0.54445 
0.269336 0.695724 0.957572 
0.292705 0.0219005 0.973731 
0.619346 0.767506 0.122994 
0.431015 0.934795 0.0458311 
0.532592 0.358375 0.281306 
0.384327 0.861267 0.0845565 
0.0691695 0.304487 0.580657 
0.126978 0.696089 0.0607138 
0.284827 0.519955 0.236438 
0.227027 0.0404 0.350176 
0.195182 0.358384 0.898961 
0.605115 0.913819 0.423727 
0.0496594 0.287813 0.218584 
0.882973 0.27978 0.426154 
0.515718 0.99917 0.495947 
0.887296 0.461699 0.550955 
0.773878 0.970714 0.498951 
0.445361 0.882077 0.717283 
0.637728 0.240226 0.804152 
0.720967 0.955971 0.777968 
0.578956 0.540872 0.976849 
0.205211 0.526438 0.326859 
0.72555 0.521869 0.908201 
0.256787 0.648958 0.225355 
0.30305 0.468104 0.788706 
0.44732 0.424307 0.584977 
0.852549 0.803177 0.924863 
0.690722 0.0946676 0.0103093 
0.724755 0.775642 0.325734 
0.868667 0.661013 0.937941 
0.312304 0.330686 0.396655 
0.490449 0.468977 0.0702758 
0.688491 0.969873 0.563252 
0.849306 0.566846 0.915176 
0.163341 0.0435338 0.993947 
0.354877 0.971736 0.112999 
0.440037 0.872904 0.623215 
0.685266 0.21212 0.571322 
0.730664 0.456804 0.30498 
0.445862 0.0191556 0.151165 
0.0829699 0.71698 0.371995 
0.573598 0.522482 0.355128 
0.629151 0.164537 0.129886 
0.722849 0.31254 0.0895434 
0.777512 0.853687 0.0318485 
0.338888 0.237528 0.943887 
0.38858 0.243557 0.247372 
0.281918 0.339521 0.455915 
0.116753 0.0594731 0.164315 
0.9206 0.106073 0.087105 
0.881833 0.783718 0.566636 
0.964823 0.652187 0.313911 
0.669514 0.721892 0.64131 
0.388791 0.947523 0.0682602 
0.697686 0.104774 0.824747 
0.0355415 0.566678 0.411539 
0.138894 0.844244 0.904646 
0.168956 0.362821 0.322744 
0.0716965 0.763688 0.588131 
0.895163 0.599686 0.328005 
0.499606 0.445576 0.976823 
0.0294821 0.452803 0.353873 
0.400155 0.219578 0.740164 
0.900376 0.0232013 0.0088759 
0.0751135 0.468434 0.348108 
0.391726 0.899406 0.766165 
0.00416003 0.00749551 0.411024 
0.289766 0.101108 0.849307 
0.372084 0.408684 0.865606 
0.194251 0.536331 0.0434405 
0.557135 0.720602 0.422251 
0.622005 0.0729663 0.5014 
0.550042 0.635386 0.42094 
0.974143 0.908242 0.863551 
0.659076 0.981244 0.411219 
0.861143 0.68771 0.871581 
0.492501 0.482615 0.62414 
0.182675 0.889078 0.630474 
0.404427 0.6631 0.602132 
0.0604639 0.0760975 0.175651 
0.605684 0.84718 0.883819 
0.792117 0.638204 0.523714 
0.968901 0.103551 0.465031 
0.953419 0.070671 0.390749 
0.102013 0.222623 0.104312 
0.994039 0.973135 0.107827 
0.769066 0.464342 0.987408 
0.767375 0.287655 0.461707 
0.137568 0.591928 0.136293 
0.50923 0.378931 0.34873 
0.539771 0.959843 0.546773 
0.962124 0.288934 0.169428 
0.375649 0.977604 0.0661752 
0.14436 0.219028 0.78083 
0.287184 0.614349 0.475455 
0.569566 0.0555753 0.484543 
0.0571909 0.0792522 0.404269 
0.695785 0.139485 0.603766 
0.650205 0.972303 0.951527 
0.58386 0.414656 0.831564 
0.255492 0.0953696 0.144442 
0.0917513 0.176523 0.08107 
0.150838 0.957286 0.0674429 
0.800368 0.715557 0.11184 
0.946415 0.886289 0.554335 
0.614594 0.0508873 0.121657 
0.520666 0.721959 0.422785 
0.332667 0.348756 0.928712 
0.423995 0.827377 0.650965 
0.220388 0.874984 0.391649 
0.56892 0.685803 0.296738 
0.986867 0.85023 0.554061 
0.87512 0.793765 0.409954 
0.824769 0.501885 0.385293 
0.953888 0.737873 0.974064 
0.3824 0.846273 0.470664 
0.372747 0.28772 0.331904 
0.178696 0.0568619 0.402742 
0.853833 0.0775065 0.781868 
0.307426 0.871418 0.599586 
0.0336497 0.836156 0.653255 
0.173345 0.611165 0.826553 
0.104934 0.276658 0.513953 
0.620831 0.0849088 0.746292 
0.156282 0.229126 0.402245 
0.89 0.944484 0.577047 
0.372222 0.756267 0.692182 
0.203363 0.442913 0.165195 
0.510383 0.920558 0.598449 
0.433056 0.425513 0.429929 
0.801732 0.0367639 0.0146967 
0.872211 0.217717 0.817082 
0.895883 0.518556 0.229944 
0.240818 0.984445 0.659714 
0.101263 0.0477453 0.0400759 
0.815335 0.21013 0.0679705 
0.083524 0.588449 0.465657 
0.630616 0.449245 0.912356 
0.573013 0.487475 0.721264 
0.761944 0.564453 0.126649 
0.0364898 0.926511 0.697932 
0.614316 0.967041 0.763293 
0.656887 0.829492 0.177809 
0.829436 0.767929 0.238715 
0.306616 0.472013 0.870362 
0.929201 0.309792 0.691286 
0.453516 0.307139 0.462184 
0.478737 0.325074 0.0975964 
0.140445 0.625079 0.390044 
0.584781 0.462241 0.563862 
0.283131 0.667086 0.89623 
0.208268 0.50653 0.380245 
0.95897 0.0146057 0.658523 
0.0733388 0.00234758 0.38632 
0.136241 0.673905 0.0361682 
0.225112 0.654883 0.867701 
0.624625 0.517212 0.0650611 
0.00827912 0.338348 0.815658 
0.959184 0.616143 0.180835 
0.532801 0.553377 0.371505 
0.782762 0.355946 0.0933132 
0.150984 0.864642 0.10603 
0.860768 0.0166907 0.259669 
0.420885 0.60291 0.147334 
0.865787 0.746114 0.402346 
0.126945 0.781965 0.969811 
0.744968 0.124079 0.0246133 
0.441597 0.926856 0.0770761 
0.423125 0.238019 0.587161 
0.025965 0.56947 0.929609 
0.31333 0.7873 0.744906 
0.492748 0.129915 0.279216 
0.58479 0.708504 0.31651 
0.210961 0.0682708 0.319282 
0.2611 0.634005 0.413166 
0.0482057 0.586402 0.842141 
0.47706 0.681454 0.091831 
0.416092 0.246166 0.594811 
0.6893 0.228555 0.622863 
0.0223076 0.629261 0.674375 
0.399667 0.923813 0.486367 
0.94789 0.1254 0.209326 
0.351831 0.687118 0.360058 
0.0911629 0.547543 0.219046 
0.685946 0.712935 0.937526 
0.102932 0.835848 0.508804 
0.513424 0.738739 0.231322 
0.549785 0.222687 0.0644051 
0.513024 0.881381 0.615275 
0.245088 0.5674 0.441509 
0.303007 0.428584 0.34703 
0.671468 0.417636 0.121025 
0.502147 0.446967 0.94714 
0.219861 0.0436208 0.862298 
0.0472874 0.97204 0.939965 
0.0902493 0.0843982 0.0464164 
0.607461 0.273557 0.264143 
0.728693 0.475441 0.677502 
0.392775 0.765904 0.0339784 
0.525747 0.848048 0.966098 
0.74045 0.00273841 0.117907 
0.66034 0.647118 0.881873 
0.178023 0.371079 0.0347151 
0.543717 0.668029 0.239189 
0.315945 0.0170871 0.556896 
0.595635 0.340196 0.0643103 
0.952227 0.647747 0.288971 
0.312865 0.604951 0.646349 
0.582844 0.00716681 0.498588 
0.46614 0.639804 0.979508 
0.424143 0.0258341 0.0680449 
0.320651 0.92167 0.319484 
0.963581 0.344352 0.93301 
0.441469 0.201207 0.249516 
0.823519 0.0490399 0.64545 
0.983834 0.389208 0.237636 
0.529174 0.488382 0.942624 
0.52398 0.461057 0.234735 
0.0902006 0.652003 0.0638917 
0.833992 0.968679 0.450715 
0.102968 0.829461 0.645695 
0.826435 0.74252 0.85752 
0.447336 0.0176693 0.221951 
0.364741 0.0578745 0.688399 
0.169642 0.527524 0.742582 
0.192556 0.751011 0.123761 
0.24743 0.192006 0.0336434 
0.583307 0.833363 0.000948473 
0.355683 0.401172 0.18568 
0.585283 0.356706 0.62376 
0.378203 0.832273 0.191273 
0.173523 0.745461 0.278262 
0.800315 0.896154 0.0680678 
0.412016 0.433027 0.764381 
0.391704 0.786132 0.589457 
0.0134622 0.633873 0.248494 
0.333092 0.0044655 0.17954 
0.964633 0.235195 0.143195 
0.402026 0.892629 0.807724 
0.0804419 0.23509 0.0429416 
0.762267 0.921861 0.300434 
0.152127 0.199314 0.777268 
0.615852 0.2193 0.761838 
0.508374 0.605693 0.52427 
0.633255 0.315415 0.791026 
0.711358 0.706664 0.974029 
0.00200227 0.074316 0.351453 
0.926268 0.556505 0.140527 
0.118248 0.544333 0.436929 
0.87126 0.0868243 0.779931 
0.699115 0.585078 0.904697 
0.0823471 0.100691 0.754664 
0.134463 0.152045 0.205013 
0.919922 0.50064 0.280948 
0.240607 0.637464 0.768902 
0.56576 0.199868 0.178249 
0.50351 0.225524 0.443219 
0.396855 0.673064 0.746606 
0.307746 0.314717 0.849372 
0.460677 0.0505399 0.475126 
0.739397 0.837838 0.61253 
0.240498 0.652059 0.561171 
0.87086 0.829761 0.529967 
0.545945 0.232329 0.0791439 
0.275544 0.724538 0.0735458 
0.455644 0.269737 0.305048 
0.356818 0.0971038 0.271617 
0.964311 0.253447 0.090261 
0.221763 0.453638 0.157719 
0.951236 0.213928 0.769018 
0.874589 0.457797 0.173218 
0.927968 0.298975 0.230032 
0.180754 0.0258529 0.856242 
0.213163 0.762322 0.439043 
0.607423 0.327628 0.343525 
0.664894 0.299864 0.9008 
0.790992 0.164107 0.360637 
0.759384 0.455619 0.411894 
0.502905 0.0742408 0.887805 
0.424487 0.576327 0.846063 
0.0506393 0.538114 0.0862526 
0.406512 0.588259 0.63568 
0.0569178 0.970454 0.105637 
0.126752 0.716148 0.922838 
0.412076 0.747588 0.853865 
0.343589 0.14132 0.295515 
0.411888 0.999925 0.81816 
0.62195 0.223765 0.632416 
0.595314 0.468747 0.632523 
0.190374 0.577617 0.101488 
0.994149 0.193932 0.220333 
0.380897 0.327411 0.00578902 
0.933545 0.211998 0.888929 
0.123556 0.70963 0.597401 
0.956816 0.144735 0.260817 
0.120804 0.3158 0.145301 
0.656184 0.057825 0.252199 
0.5652 0.672388 0.993586 
0.518861 0.573424 0.215662 
0.0275251 0.366091 0.763755 
0.780557 0.767754 0.33189 
0.869249 0.11054 0.2191 
0.732796 0.638094 0.287796 
0.0959316 0.815133 0.425459 
0.762469 0.758492 0.454664 
0.83924 0.79653 0.149065 
0.0337428 0.347047 0.317199 
0.285341 0.990461 0.295485 
0.186396 0.860089 0.689947 
0.234962 0.378541 0.356098 
0.35031 0.384959 0.460792 
0.824513 0.228911 0.221841 
0.232084 0.729421 0.068719 
0.923129 0.461052 0.808423 
0.338299 0.954697 0.990879 
0.586692 0.0465413 0.514024 
0.384362 0.0924126 0.0749487 
0.727337 0.31264 0.878874 
0.376196 0.113269 0.757772 
0.193779 0.801464 0.988769 
0.792232 0.603833 0.587705 
0.663865 0.397376 0.328014 
0.592635 0.949187 0.524735 
0.526458 0.566108 0.407414 
0.245377 0.306567 0.654021 
0.423506 0.329966 0.0184355 
0.314531 0.77233 0.700002 
0.332423 0.491875 0.0129011 
0.384312 0.692978 0.122605 
0.926707 0.259809 0.304105 
0.737463 0.985007 0.242254 
0.83405 0.324819 0.256243 
0.936182 0.557977 0.35093 
0.747953 0.959854 0.0519222 
0.900862 0.0547509 0.361439 
0.152269 0.148142 0.788717 
0.162992 0.514561 0.162132 
0.121619 0.659517 0.781588 
0.122358 0.885489 0.910878 
0.679921 0.81697 0.000925959 
0.975911 0.427079 0.815795 
0.959258 0.7414 0.379019 
0.571491 0.449915 0.542049 
0.0498694 0.892434 0.302376 
0.890283 0.0472342 0.746161 
0.357583 0.851387 0.40735 
0.810887 0.760049 0.151761 
0.640431 0.81185 0.199471 
0.10498 0.118351 0.832327 
0.700679 0.551092 0.412015 
0.253296 0.763205 0.717526 
0.285705 0.843484 0.241498 
0.702308 0.101455 0.158257 
0.971489 0.325587 0.860703 
0.736759 0.660729 0.359157 
0.450254 0.0138319 0.336196 
0.536465 0.248379 0.862634 
0.226341 0.42548 0.235153 
0.530868 0.385927 0.791926 
0.100806 0.0587435 0.818732 
0.201512 0.0735204 0.815854 
0.398066 0.389321 0.00177518 
0.430316 0.226219 0.9453 
0.639313 0.729349 0.711845 
0.079411 0.12956 0.649742 
0.582783 0.227453 0.951311 
0.84607 0.556516 0.37095 
0.991814 0.227062 0.732797 
0.830183 0.633699 0.25894 
0.146556 0.397848 0.297864 
0.0448682 0.657592 0.0803203 
0.0227673 0.192442 0.862041 
0.0569624 0.914324 0.831065 
0.162711 0.567742 0.949266 
0.95712 0.73653 0.858422 
0.344427 0.439981 0.495102 
0.540149 0.684792 0.870239 
0.680265 0.271328 0.657036 
0.893991 0.75554 0.655505 
0.0558349 0.3338 0.112322 
0.411351 0.782068 0.327384 
0.966067 0.195882 0.143456 
0.631297 0.183542 0.282315 
0.0780659 0.921039 0.400777 
0.809904 0.835149 0.840492 
0.377727 0.491785 0.275464 
0.508181 0.345922 0.814785 
0.1528 0.510441 0.185954 
0.944709 0.814515 0.537255 
0.36446 0.409854 0.468603 
0.811195 0.449464 0.494356 
0.279093 0.857252 0.791118 
0.911194 0.444252 0.82637 
0.461562 0.566264 0.354782 
0.0769126 0.619457 0.151677 
0.910011 0.169727 0.61049 
0.203593 0.753746 0.286228 
0.688722 0.239182 0.336189 
0.332266 0.624546 0.685226 
0.191747 0.0538837 0.726984 
0.9036 0.0591121 0.277349 
0.948116 0.487409 0.194882 
0.529011 0.378027 0.206987 
0.420084 0.806525 0.0555362 
0.932877 0.757119 0.816652 
0.503786 0.98987 0.759799 
0.501818 0.798417 0.0345979 
0.556909 0.16532 0.660601 
0.569547 0.638857 0.39529 
0.913409 0.818464 0.852981 
0.816194 0.146302 0.726584 
0.333294 0.597043 0.879586 
0.506242 0.470258 0.671966 
0.736768 0.609265 0.53139 
0.338356 0.0149196 0.268945 
0.587938 0.892713 0.27209 
0.342968 0.1359 0.256362 
0.727969 0.945562 0.651151 
0.316558 0.58145 0.944698 
0.331605 0.979684 0.168051 
0.645072 0.7696 0.915523 
0.500466 0.354947 0.811819 
0.369829 0.540373 0.510257 
0.398362 0.36758 0.572975 
0.0520862 0.994028 0.525266 
0.901177 0.634171 0.694674 
0.78227 0.0448709 0.339743 
0.934285 0.796935 0.620994 
0.25445 0.148522 0.00838876 
0.786949 0.93771 0.755822 
0.0644419 0.408215 0.573289 
0.236253 0.377667 0.256821 
0.499984 0.849227 0.458837 
0.110951 0.958697 0.037834 
0.537134 0.189071 0.411179 
0.409238 0.479718 0.782432 
0.245483 0.568991 0.713948 
0.252591 0.447605 0.770598 
0.402744 0.0613369 0.277644 
0.550377 0.717608 0.561682 
0.700068 0.17191 0.709103 
0.0107338 0.890717 0.963714 
0.618113 0.195926 0.200037 
0.913966 0.365748 0.620943 
0.228711 0.621819 0.953541 
0.0800929 0.830085 0.802877 
0.819804 0.377142 0.582765 
0.690396 0.425431 0.492645 
0.621317 0.568937 0.383999 
0.68651 0.975934 0.613643 
0.369584 0.859073 0.0483519 
0.250117 0.667451 0.543796 
0.0514253 0.499686 0.873027 
0.50264 0.815822 0.688448 
0.600362 0.139243 0.964563 
0.54651 0.741054 0.60938 
0.376476 0.499581 0.243781 
0.820551 0.412189 0.626063 
0.517298 0.806597 0.753355 
0.0419981 0.697064 0.9487 
0.761608 0.295902 0.421728 
0.66715 0.480374 0.844047 
0.92326 0.213776 0.83591 
0.818207 0.0296114 0.414602 
0.295956 0.615161 0.746092 
0.496881 0.301261 0.383619 
0.394795 0.450547 0.617001 
0.743149 0.571995 0.854326 
0.357533 0.239055 0.0687199 
0.360276 0.311958 0.912812 
0.594485 0.105021 0.585151 
0.421613 0.866764 0.258766 
0.927562 0.000931487 0.827282 
0.623935 0.403745 0.205287 
0.799924 0.21413 0.988642 
0.209942 0.355381 0.146494 
0.622366 0.747577 0.169869 
0.11014 0.0249727 0.607286 
0.471261 0.814032 0.425225 
0.833664 0.604056 0.636532 
0.953867 0.785762 0.66053 
0.193159 0.769816 0.432332 
0.988904 0.823296 0.491756 
0.223894 0.126407 0.49935 
0.147419 0.798934 0.173205 
0.843653 0.371596 0.440761 
0.930804 0.489541 0.964922 
0.0255194 0.388691 0.399892 
0.451052 0.780518 0.820286 
0.0665207 0.386287 0.555195 
0.365649 0.394479 0.860544 
0.53576 0.702894 0.685156 
0.10305 0.365976 0.0763179 
0.995376 0.559245 0.174384 
0.523673 0.428335 0.0288128 
0.445405 0.183077 0.543906 
0.768 0.11253 0.826794 
0.946939 0.376624 0.919835 
0.661798 0.498199 0.174637 
0.734365 0.131021 0.064434 
0.971343 0.133443 0.255854 
0.0689997 0.140997 0.82036 
0.438823 0.691718 0.237053 
0.928783 0.16074 0.210898 
0.256495 0.185388 0.248927 
0.298409 0.826884 0.799429 
0.602116 0.650721 0.441158 
0.79729 0.0247893 0.700317 
0.725781 0.159912 0.508678 
0.0249993 0.401009 0.730454 
0.821629 0.863293 0.739808 
0.753789 0.112593 0.907066 
0.224577 0.0470132 0.228799 
0.133613 0.503719 0.0333581 
0.179043 0.885237 0.462252 
0.241537 0.36731 0.248015 
0.630844 0.425523 0.736292 
0.975643 0.119257 0.908196 
0.993815 0.705141 0.895689 
0.101884 0.679723 0.596639 
0.119506 0.749529 0.574003 
0.864388 0.544562 0.646439 
0.0662074 0.725038 0.916254 
0.578887 0.0854784 0.504906 
0.579329 0.687521 0.315225 
0.777397 0.511541 0.628222 
0.53586 0.766578 0.413764 
0.598406 0.0107229 0.0842707 
0.837299 0.298595 0.496723 
0.961481 0.570251 0.907638 
0.364485 0.155442 0.36491 
0.106221 0.729928 0.360885 
0.965125 0.968303 0.295958 
0.408216 0.458993 0.630568 
0.487157 0.982726 0.9136 
0.144708 0.7379 0.169814 
0.655486 0.369897 0.244043 
0.919808 0.12503 0.322619 
0.88989 0.392781 0.93663 
0.569588 0.0367439 0.313186 
0.362632 0.929991 0.90698 
0.300502 0.0435925 0.33361 
0.0400973 0.109648 0.148815 
0.517386 0.824377 0.390297 
0.558529 0.39331 0.191006 
0.698239 0.916528 0.279468 
0.987722 0.241261 0.408937 
0.875477 0.624717 0.871726 
0.329636 0.273156 0.789079 
0.423203 0.566293 0.886663 
0.377114 0.885865 0.267947 
0.258138 0.963076 0.0911057 
0.453036 0.843764 0.691145 
0.220119 0.00567993 0.6613 
0.495411 0.659856 0.305857 
0.87035 0.503068 0.593245 
0.573539 0.6324 0.517797 
0.731495 0.252001 0.201994 
0.367167 0.504028 0.104827 
0.596256 0.78393 0.0255503 
0.883771 0.0538412 0.823849 
0.538756 0.253276 0.828814 
0.60471 0.909079 0.0342688 
0.0404367 0.0515087 0.359903 
0.51274 0.504868 0.449182 
0.52134 0.918261 0.717521 
0.908546 0.31336 0.344478 
0.208954 0.656119 0.626202 
0.934382 0.231265 0.201067 
0.486724 0.331382 0.698211 
0.0268615 0.273922 0.852168 
0.462343 0.630355 0.108537 
0.224586 0.605654 0.604959 
0.503312 0.801931 0.244383 
0.791514 0.297645 0.137124 
0.549534 0.410081 0.528265 
0.970935 0.42944 0.753234 
0.0123118 0.318423 0.535699 
0.404371 0.373743 0.729155 
0.241535 0.379384 0.73715 
0.275728 0.559833 0.925262 
0.823795 0.476913 0.220623 
0.090924 0.958145 0.301737 
0.571832 0.265008 0.726105 
0.609641 0.970822 0.46434 
0.0737524 0.307203 0.198769 
0.882809 0.626153 0.394344 
0.22656 0.0534691 0.388115 
0.763138 0.312448 0.87 
0.554103 0.493104 0.0952911 
0.772141 0.185715 0.705136 
0.138205 0.00661351 0.651798 
0.911254 0.0263777 0.672148 
0.86062 0.683565 0.947708 
0.11066 0.808858 0.320274 
0.346697 0.986998 0.985516 
0.00825299 0.914574 0.978742 
0.708533 0.225096 0.765565 
0.530691 0.135489 0.477626 
0.497343 0.567554 0.589225 
0.0261374 0.0612736 0.904765 
0.563308 0.143891 0.747132 
0.487346 0.944913 0.193838 
0.594599 0.161725 0.811781 
0.954194 0.827481 0.859968 
0.726477 0.712431 0.951076 
0.059815 0.277904 0.761103 
0.993118 0.370976 0.472032 
0.967996 0.586896 0.857213 
0.370258 0.944269 0.253633 
0.217263 0.23181 0.664616 
0.124131 0.966547 0.189317 
0.932381 0.0240379 0.260268 
0.0991424 0.280756 0.260962 
0.671751 0.803251 0.420944 
0.988677 0.201426 0.978294 
0.0901868 0.534537 0.103889 
0.290129 0.953354 0.307852 
0.94481 0.3258 0.925038 
0.561317 0.996097 0.407692 
0.958308 0.906232 0.595981 
0.361978 0.894765 0.949765 
0.435118 0.182563 0.0450695 
0.793389 0.457374 0.636732 
0.851745 0.418484 0.166231 
0.563568 0.381021 0.311519 
0.140756 0.105321 0.292555 
0.992257 0.4654 0.590566 
0.33739 0.242381 0.819568 
0.790084 0.538199 0.441073 
0.234448 0.732156 0.777556 
0.516144 0.132309 0.745312 
0.704527 0.556059 0.328822 
0.975678 0.164393 0.601948 
0.373866 0.757897 0.177519 
0.746133 0.946317 0.921966 
0.921343 0.429964 0.694182 
0.797244 0.994515 0.683282 
0.190677 0.817157 0.814265 
0.35381 0.351579 0.805204 
0.110996 0.151497 0.987459 
0.352063 0.694908 0.313624 
0.569406 0.637376 0.926621 
0.88139 0.220527 0.0371279 
0.604363 0.888879 0.3858 
0.650921 0.4462 0.40779 
0.291739 0.046408 0.120727 
0.73922 0.350751 0.377694 
0.828712 0.564345 0.0957213 
0.0747866 0.934364 0.0693281 
0.849194 0.494011 0.876117 
0.513191 0.902716 0.0525845 
0.915228 0.751621 0.59612 
0.706617 0.482142 0.488653 
0.481393 0.289731 0.743781 
0.357668 0.349817 0.596276 
0.149515 0.428863 0.0857301 
0.944776 0.140833 0.678481 
0.4641 0.777921 0.388332 
0.885428 0.392856 0.501033 
0.490703 0.427271 0.801072 
0.914293 0.905689 0.770952 
0.10989 0.574828 0.0152633 
0.420003 0.382713 0.93949 
0.986058 0.764986 0.938115 
0.0498085 0.397698 0.397004 
0.703013 0.0954679 0.904923 
0.0374276 0.623967 0.462291 
0.555997 0.0145549 0.0936378 
0.322631 0.18128 0.852236 
0.55392 0.786642 0.290596 
0.580392 0.132326 0.640947 
0.281159 0.291005 0.444778 
0.522625 0.107851 0.237215 
0.907762 0.161706 0.0178647 
0.264287 0.185259 0.345771 
0.365685 0.822716 0.466595 
