0.508657 0.331175 0.100965 
0.581747 0.851959 0.224343 
0.193349 0.149656 0.472228 
0.611373 0.999778 0.342772 
0.514595 0.561496 0.743543 
0.789332 0.312449 0.238985 
0.110177 0.828065 0.752197 
0.817769 0.456149 0.586658 
0.436878 0.925429 0.2095 
0.606769 0.395485 0.982431 
0.0228095 0.531972 0.477918 
0.900629 0.471131 0.987116  
0.356662 0.973857 0.882844 
0.230752 0.385944 0.24761 
0.419478 0.378971 0.911262 
0.125256 0.212327 0.304309 
0.278275 0.409928 0.981706 
0.0420185 0.814065 0.298752 
0.0855466 0.119946 0.651367 
0.796229 0.895966 0.434948 
0.580588 0.44464 0.722758 
0.802358 0.794125 0.333531 
0.58336 0.51134 0.496351 
0.582413 0.139527 0.151635 
0.557528 0.242783 0.145102 
0.820778 0.654717 0.0835123 
0.165299 0.0845961 0.798243 
0.715319 0.176466 0.721423 
0.842334 0.131068 0.120285 
0.466163 0.0872234 0.276382 
0.490449 0.468977 0.0702758 
0.688491 0.969873 0.563252 
0.849306 0.566846 0.915176 
0.163341 0.0435338 0.993947 
0.354877 0.971736 0.112999 
0.440037 0.872904 0.623215 
0.0355415 0.566678 0.411539 
0.138894 0.844244 0.904646 
0.102013 0.222623 0.104312 
0.994039 0.973135 0.107827 
0.769066 0.464342 0.987408 
0.767375 0.287655 0.461707  
0.14436 0.219028 0.78083 
0.614594 0.0508873 0.121657 
0.520666 0.721959 0.422785 
0.332667 0.348756 0.928712 
0.178696 0.0568619 0.402742 
0.853833 0.0775065 0.781868 
0.307426 0.871418 0.599586 
0.0336497 0.836156 0.653255 
0.173345 0.611165 0.826553 
0.104934 0.276658 0.513953 
0.620831 0.0849088 0.746292 
0.240818 0.984445 0.659714 
0.0364898 0.926511 0.697932 
0.0482057 0.586402 0.842141 
0.47706 0.681454 0.091831 
0.178023 0.371079 0.0347151 
0.543717 0.668029 0.239189 
0.315945 0.0170871 0.556896 
0.595635 0.340196 0.0643103 
0.952227 0.647747 0.288971 
0.312865 0.604951 0.646349 
0.396855 0.673064 0.746606 
0.307746 0.314717 0.849372 
0.213163 0.762322 0.439043 
0.607423 0.327628 0.343525 
0.664894 0.299864 0.9008 
0.790992 0.164107 0.360637 
0.759384 0.455619 0.411894 
0.595314 0.468747 0.632523 
0.190374 0.577617 0.101488 
0.100806 0.0587435 0.818732 
0.201512 0.0735204 0.815854 
0.398066 0.389321 0.00177518 
0.727969 0.945562 0.651151 
0.537134 0.189071 0.411179 
0.618113 0.195926 0.200037 
0.913966 0.365748 0.620943 
0.621317 0.568937 0.383999 
0.423203 0.566293 0.886663 
0.377114 0.885865 0.267947 
0.258138 0.963076 0.0911057 
0.453036 0.843764 0.691145 
0.224586 0.605654 0.604959 
0.503312 0.801931 0.244383 
0.791514 0.297645 0.137124 
0.549534 0.410081 0.528265 
0.275728 0.559833 0.925262 
0.823795 0.476913 0.220623 
0.090924 0.958145 0.301737 
0.86062 0.683565 0.947708 
0.11066 0.808858 0.320274 
0.346697 0.986998 0.985516 
0.00825299 0.914574 0.978742 
0.708533 0.225096 0.765565 
0.530691 0.135489 0.477626 
0.497343 0.567554 0.589225 
0.986058 0.764986 0.938115 
0.522625 0.107851 0.237215 
